学号		姓名		语文	数学	英语	总分
2023001        赵磊         72.9	56.1	89.0	218.0
2023002        张建华      79.4	97.4	95.7	272.5
2023003        王娟         76.6	80.8	66.2	223.6
2023004        孙云         58.4	85.9	95.5	239.8
2023005        徐艳         62.4	63.9	58.0	184.3
2023006        周霞         83.2	80.1	91.1	254.4
2023007        朱娜         74.4	97.7	87.7	259.8
2023008        马伟         67.5	46.6	99.5	213.6
2023009        孙军         80.0	70.2	61.8	212.0
2023010        吴秀英      46.6	71.9	95.9	214.4
2023011        张军         83.2	82.2	89.9	255.3
2023012        郭强         74.2	71.2	63.6	209.0
2023013        刘芳         94.6	63.6	94.6	252.8
2023014        张艳         71.1	75.1	89.9	236.1
2023015        周娜         79.8	65.6	64.0	209.4
2023016        何磊         99.2	78.8	89.3	267.3
2023017        刘明         63.7	44.3	61.3	169.3
2023018        张秀英      60.1	82.5	90.0	232.6
2023019        郭娜         59.3	93.4	74.7	227.4
2023020        李晶         95.5	76.7	99.2	271.4
